1 3204
1 1938
1 1523
1 1033
1 2319
1 1591
1 2371
1 1304
1 1264
1 1393
2 3204
2 3059
2 1931
2 1062
2 1619
2 727
2 526
2 1364
2 2735
2 3034
3 3204
3 1098
3 3135
3 1365
3 1196
3 2603
3 1366
3 2867
3 1834
3 2317
4 3204
4 2342
4 2931
4 2377
4 2572
4 2940
4 3128
4 1886
4 1135
4 3135
5 3204
5 2035
5 2357
5 1435
5 409
5 1392
5 1671
5 2860
5 2002
5 2968
6 3204
6 2721
6 2931
6 2216
6 1387
6 2264
6 2154
6 1365
6 2940
6 2893
7 3204
7 2317
7 1928
7 2623
7 2111
7 1854
7 2572
7 2289
7 1834
7 2950
8 3204
8 2776
8 2147
8 820
8 912
8 2166
8 2852
8 3103
8 1387
8 2345
9 3204
9 2372
9 1461
9 2578
9 2995
9 1341
9 1489
9 1387
9 1928
9 2111
10 3204
10 1795
10 249
10 2814
10 2316
10 1302
10 2603
10 651
10 1158
10 2705
11 1903
11 2923
11 1872
11 2906
11 249
11 2316
11 2603
11 3171
11 1923
11 3148
12 1461
12 1462
12 3068
12 1912
12 25
12 3127
12 2319
12 2690
12 2111
12 2867
13 3204
13 66
13 797
13 2748
13 1922
13 1757
13 1289
13 230
13 1064
13 1655
14 3204
14 1196
14 2827
14 59
14 2950
14 86
14 1135
14 1632
14 1111
14 84
15 3204
15 2835
15 59
15 84
15 2827
15 86
15 1834
15 1750
15 1570
15 2874
16 3204
16 409
16 2979
16 1928
16 59
16 2741
16 2358
16 2317
16 84
16 3119
17 3204
17 59
17 84
17 2491
17 3000
17 86
17 1658
17 1834
17 2979
17 2623
18 3204
18 1795
18 249
18 1988
18 1366
18 1711
18 651
18 1158
18 618
18 1247
19 371
19 1660
19 1796
19 1952
19 2902
19 1342
19 2007
19 3166
19 141
19 804
20 3204
20 1660
20 1796
20 1952
20 3152
20 955
20 185
20 1047
20 2674
20 2627
21 3204
21 371
21 409
21 2325
21 2370
21 2968
21 1489
21 2389
21 2504
21 2679
22 3204
22 2147
22 1711
22 2840
22 1931
22 2572
22 3028
22 794
22 2370
22 3093
23 3204
23 371
23 409
23 1862
23 2276
23 2370
23 2433
23 2968
23 3043
23 1489
24 3043
24 2844
24 268
24 412
24 2376
24 293
24 1696
24 927
24 2342
24 20
25 3204
25 1653
25 2318
25 2812
25 59
25 84
25 1719
25 1834
25 2634
25 1366
26 3204
26 2578
26 1461
26 1341
26 2840
26 1387
26 2888
26 2626
26 3068
26 597
27 3204
27 59
27 3011
27 84
27 3068
27 2798
27 3000
27 1196
27 86
27 1725
28 3204
28 2776
28 2572
28 2163
28 2892
28 2216
28 1365
28 1387
28 1765
28 2289
29 3204
29 1933
29 371
29 1539
29 1537
29 1538
29 1840
29 1783
29 334
29 785
30 3204
30 1461
30 195
30 1912
30 1462
30 2624
30 2840
30 2479
30 2583
30 2882
31 3204
31 3013
31 670
31 1381
31 1671
31 2302
31 2931
31 796
31 1236
31 3076
32 3204
32 2177
32 2289
32 2883
32 2630
32 1847
32 3139
32 2819
32 2216
32 2163
33 3204
33 1325
33 2233
33 2805
33 2916
33 2113
33 2181
33 3160
33 2721
33 2554
34 3204
34 1834
34 1196
34 2178
34 3135
34 2827
34 982
34 2194
34 1632
34 2631
35 3204
35 1397
35 371
35 2090
35 1386
35 1696
35 1396
35 1474
35 1628
35 442
36 3204
36 2110
36 2509
36 2030
36 1265
36 1737
36 1863
36 2223
36 1162
36 1350
37 3204
37 2265
37 3048
37 2195
37 2202
37 2470
37 2113
37 2186
37 1003
37 2051
38 3204
38 1408
38 1890
38 1433
38 2905
38 2305
38 2622
38 497
38 2840
38 3069
39 3204
39 2651
39 2603
39 2940
39 3105
39 2705
39 2998
39 1098
39 2254
39 3103
40 3204
40 2316
40 1588
40 1098
40 1459
40 2603
40 1612
40 1485
40 2051
40 2807
41 3204
41 59
41 84
41 3000
41 1928
41 2111
41 3148
41 1711
41 2623
41 2314
42 3204
42 1653
42 2370
42 2318
42 633
42 2634
42 1680
42 2866
42 1719
42 1973
43 3204
43 1834
43 3143
43 59
43 1366
43 84
43 2812
43 2874
43 3055
43 2623
44 3204
44 1404
44 2325
44 2494
44 525
44 2829
44 3078
44 1260
44 2812
44 1507
45 3204
45 1412
45 2318
45 1194
45 3181
45 2319
45 1032
45 2541
45 1976
45 3090
46 3204
46 1653
46 329
46 1032
46 1457
46 2842
46 2389
46 3092
46 2572
46 409
47 3204
47 2990
47 3134
47 1699
47 3050
47 2746
47 3012
47 1307
47 1665
47 615
48 3204
48 2486
48 2198
48 2308
48 1135
48 2646
48 2154
48 86
48 1834
48 3160
49 3204
49 2882
49 1387
49 2990
49 1699
49 2985
49 1457
49 1341
49 1912
49 3134
50 3204
50 634
50 1457
50 891
50 2288
50 2896
50 1746
50 1927
50 652
50 2888
51 3204
51 371
51 3006
51 409
51 2370
51 2968
51 1489
51 1752
51 1795
51 2723
52 3204
52 2147
52 1928
52 1711
52 1366
52 1489
52 2979
52 1783
52 2370
52 3183
53 3204
53 514
53 569
53 139
53 2714
53 787
53 1124
53 203
53 717
53 67
54 3204
54 1834
54 59
54 1196
54 2178
54 84
54 1098
54 86
54 2314
54 2958
55 3204
55 3056
55 1355
55 2194
55 1896
55 2500
55 1152
55 1650
55 2705
55 2002
56 3204
56 2842
56 2302
56 2233
56 1366
56 86
56 2931
56 2002
56 2470
56 2181
57 3204
57 1106
57 349
57 1137
57 3077
57 2458
57 3140
57 351
57 1339
57 353
58 3204
58 3087
58 1344
58 2634
58 1711
58 409
58 1366
58 1252
58 1719
58 2866
59 3204
59 144
59 2059
59 28
59 1456
59 1711
59 944
59 2127
59 1457
59 1441
60 3204
60 1462
60 2127
60 3025
60 1264
60 1152
60 3142
60 1489
60 2500
60 944
61 3204
61 634
61 2711
61 3137
61 1457
61 2486
61 3129
61 2194
61 3134
61 1699
62 3204
62 2164
62 1711
62 249
62 2952
62 1368
62 3098
62 2200
62 2357
62 3046
63 3204
63 371
63 1795
63 409
63 2968
63 1158
63 2370
63 1711
63 2276
63 2679
64 3204
64 2729
64 1878
64 409
64 1390
64 1530
64 3202
64 3188
64 2723
64 1456
