1 3204
1 2917
1 1657
1 275
1 594
1 2796
1 294
1 1225
1 2875
1 2365
2 3204
2 626
2 3144
2 526
2 204
2 1977
2 3078
2 171
2 2352
2 2976
3 3204
3 1138
3 1988
3 634
3 2814
3 1251
3 303
3 3171
3 205
3 401
4 3204
4 2895
4 1253
4 2848
4 1563
4 1165
4 1569
4 537
4 2932
4 1233
5 3204
5 8
5 1460
5 1101
5 77
5 1395
5 400
5 493
5 2357
5 2277
6 3204
6 400
6 1009
6 216
6 2295
6 1101
6 1251
6 6
6 1232
6 1833
7 3204
7 2111
7 1243
7 2912
7 2630
7 975
7 1718
7 3043
7 1551
7 3144
8 3204
8 820
8 912
8 828
8 401
8 192
8 597
8 652
8 2541
8 2158
9 3204
9 1461
9 2578
9 2995
9 597
9 652
9 3137
9 59
9 238
9 651
10 1795
10 3204
10 2814
10 1302
10 651
10 249
10 628
10 1466
10 1367
10 34
11 1903
11 1872
11 2906
11 3171
11 1923
11 2699
11 2091
11 1466
11 3148
11 2956
12 1461
12 25
12 2690
12 18
12 1996
12 597
12 652
12 1360
12 2867
12 3137
13 3204
13 797
13 1289
13 230
13 1064
13 1655
13 66
13 1795
13 267
13 1414
14 3204
14 1374
14 622
14 804
14 2814
14 2426
14 1873
14 401
14 1851
14 3061
15 3204
15 2616
15 8
15 77
15 1231
15 1755
15 2671
15 3054
15 3125
15 2713
16 3204
16 1461
16 2629
16 400
16 2266
16 822
16 1131
16 3148
16 2582
16 652
17 3204
17 210
17 1275
17 2748
17 2491
17 4
17 7
17 10
17 13
17 19
18 3204
18 1795
18 249
18 651
18 1275
18 1367
18 797
18 2685
18 2138
18 1204
19 2007
19 1660
19 1796
19 1952
19 1342
19 1374
19 2417
19 141
19 371
19 804
20 3204
20 1660
20 1796
20 1952
20 955
20 1563
20 2830
20 2524
20 2769
20 1373
21 3204
21 2325
21 371
21 2504
21 2505
21 2337
21 1619
21 2426
21 1496
21 2007
22 3204
22 82
22 1569
22 828
22 57
22 3193
22 1551
22 1281
22 2913
22 2318
23 3204
23 371
23 2505
23 657
23 2630
23 1275
23 2615
23 2426
23 2007
23 2114
24 20
24 412
24 2844
24 268
24 293
24 927
24 942
24 1410
24 3120
24 1194
25 3204
25 4
25 7
25 10
25 13
25 19
25 143
25 2318
25 436
25 238
26 3204
26 2578
26 1461
26 59
26 84
26 597
26 652
26 86
26 2995
26 3105
27 3204
27 1461
27 59
27 1996
27 84
27 652
27 1360
27 86
27 238
27 651
28 3204
28 975
28 828
28 1551
28 1685
28 1718
28 1251
28 1065
28 1086
28 596
29 1537
29 1538
29 1539
29 3204
29 2089
29 2462
29 1840
29 334
29 785
29 1520
30 3204
30 1461
30 195
30 2876
30 300
30 987
30 1097
30 2583
30 2312
30 1616
31 3204
31 1144
31 415
31 828
31 1233
31 1428
31 694
31 493
31 2371
31 1440
32 3204
32 1563
32 2630
32 2161
32 2430
32 2790
32 3139
32 1504
32 2368
32 2619
33 3204
33 325
33 1599
33 1833
33 2284
33 2291
33 1024
33 1617
33 1954
33 2043
34 3204
34 1797
34 1833
34 718
34 2642
34 2759
34 2964
34 545
34 2295
34 2965
35 3204
35 2090
35 371
35 442
35 454
35 842
35 1038
35 2426
35 8
35 503
36 3204
36 2836
36 1669
36 1737
36 2476
36 2112
36 2110
36 778
36 1668
36 1917
37 3204
37 676
37 2458
37 2560
37 658
37 847
37 2513
37 1495
37 1069
37 895
38 3204
38 2327
38 718
38 2895
38 3144
38 483
38 3069
38 1273
38 2966
38 676
39 3204
39 2940
39 1902
39 2078
39 1861
39 2651
39 1678
39 1614
39 3105
39 3198
40 3204
40 1588
40 2956
40 3198
40 1138
40 2078
40 1485
40 463
40 2406
40 2051
41 3204
41 651
41 238
41 2578
41 143
41 643
41 1101
41 2995
41 1511
41 2236
42 3204
42 633
42 2894
42 4
42 7
42 10
42 13
42 19
42 2318
42 204
43 3204
43 4
43 7
43 10
43 13
43 19
43 3098
43 436
43 1667
43 1893
44 3204
44 525
44 931
44 461
44 436
44 1732
44 912
44 2523
44 1823
44 1208
45 3204
45 2114
45 2318
45 1233
45 2988
45 1402
45 2452
45 236
45 2059
45 1515
46 3204
46 651
46 2803
46 1101
46 1627
46 1457
46 2616
46 591
46 1858
46 2165
47 3204
47 1339
47 651
47 1627
47 239
47 60
47 216
47 174
47 1935
47 189
48 3204
48 6
48 2123
48 1101
48 2553
48 2508
48 2502
48 2735
48 450
48 1797
49 3204
49 239
49 652
49 651
49 2578
49 634
49 18
49 6
49 795
49 1935
50 3204
50 634
50 652
50 275
50 651
50 2575
50 2070
50 690
50 2278
50 239
51 3204
51 371
51 1795
51 2505
51 249
51 3075
51 2952
51 1367
51 2570
51 2426
52 3204
52 1131
52 1329
52 238
52 2271
52 2504
52 2995
52 331
52 334
52 529
53 3204
53 139
53 514
53 569
53 787
53 1124
53 203
53 1186
53 67
53 1283
54 3204
54 2814
54 4
54 7
54 10
54 13
54 19
54 1106
54 651
54 17
55 1355
55 3204
55 1896
55 1898
55 1993
55 3198
55 2838
55 778
55 2921
55 354
56 3204
56 1101
56 2803
56 8
56 77
56 1617
56 493
56 2825
56 988
56 2161
57 3204
57 1106
57 349
57 353
57 355
57 2458
57 351
57 1132
57 348
57 1137
58 3204
58 660
58 2849
58 1629
58 1474
58 2994
58 2604
58 1270
58 1697
58 1957
59 3204
59 28
59 1456
59 626
59 1438
59 1402
59 70
59 1700
59 1486
59 1457
60 3204
60 1774
60 3026
60 1572
60 698
60 1083
60 2016
60 1152
60 3158
60 2738
61 3204
61 634
61 239
61 2711
61 1287
61 1457
61 2307
61 2451
61 1935
61 1402
62 3204
62 1795
62 660
62 249
62 2608
62 1368
62 1209
62 2952
62 1367
62 2685
63 3204
63 1795
63 371
63 1367
63 2426
63 2505
63 3075
63 2337
63 2630
63 2557
64 3204
64 2729
64 2513
64 2756
64 1957
64 595
64 2232
64 1131
64 1878
64 973
